9
-32768    1    5    3 -32768 -32768 -32768 -32768 -32768
-32768 -32768    2 -32768    2   10 -32768 -32768 -32768
-32768 -32768 -32768   10   10 -32768 -32768 -32768 -32768
-32768 -32768 -32768 -32768 -32768    1    2 -32768 -32768
-32768 -32768 -32768 -32768 -32768   15 -32768   12 -32768
-32768 -32768 -32768 -32768 -32768 -32768   10    2 -32768
-32768 -32768 -32768 -32768 -32768 -32768 -32768   15 -32768
-32768 -32768 -32768 -32768 -32768 -32768 -32768 -32768 -32768
-32768 -32768 -32768 -32768 -32768 -32768 -32768 -32768 -32768
1
9